00000001 00110000 00000000 00000001
00000001 10010000 00000000 00001000
00000001 00110000 00000000 00100011
00000001 10010000 00000000 00001000
00000001001100000000000001000101
00000001100100000000000000001000
00000001001100000000000001100111
00000001100100000000000000001000
00000001001100000000000010001001
00000001100100000000000000001000
00000001001100000000000010101011
00000001100100000000000000001000
00000001001100000000000011001101
00000001100100000000000000001000
00000001001100000000000011101111